-38356
13785
88936
-84287
-26206
81609
21323
-93020
-26503
-37546
57058
28014
49237
26281
72277
-28128
494
39069
40442
-32737
57303
79443
-9277
94224
-32470
27978
67389
75871
68558
54555
66085
-69798
-31661
55021
-54085
-30778
-36282
-5673
-96709
37215
-16129
-12561
92319
-66893
-86281
-8316
-67932
-58698
57843
-401
8565
15145
-93870
99288
9368
-26340
-45646
-96155
76620
-77088
58400
-30206
80204
53828
-75186
53208
50139
-84379
74624
53431
52837
-41506
67959
45155
-81310
81678
-63162
77848
50069
94681
-22554
85723
-63085
-16424
85010
-26628
57237
66453
-22782
-39055
16454
62707
30739
-3343
-56376
-17358
76954
93763
-1736
51578
-25718
78190
37161
-57760
23344
55852
51007
-12729
33699
1075
-90959
38235
-86114
-54044
-78190
98896
-53583
6136
-7562
-49276
67082
-91109
-86569
-75091
-67362
84145
7552
-90409
77907
32905
61169
79279
11094
-74581
48608
61527
81271
-385
-51203
-57942
27779
84928
80293
41666
57973
29193
-32350
-95610
-64672
-12823
82204
29499
-3931
22724
54409
28707
6868
89050
-34613
-88136
-50957
53646
91143
60137
79065
39750
-51248
-12576
66454
-75362
-43429
-78678
-90434
63954
62988
67539
-6854
57727
-982
-44437
-55096
-18778
85063
-31938
-96055
-33440
96769
10814
82699
89245
22678
-68259
42890
-59091
18967
-50957
80659
67719
36467
-25798
19446
20128
-4476
29012
-15919
85601
-3449
4316
43327
22658
59879
15320
-96121
44941
83382
-92175
38590
7239
18639
21288
-3516
68406
53029
66463
-90686
99085
-84494
17062
-6108
-20938
91264
-86662
99190
-86124
42350
-89641
99477
65990
14675
-30107
-11352
-25446
85213
-7473
46584
68595
-72559
-14826
-24167
-26831
-93539
-594
-58426
-13420
-34131
-49112
-87247
-91536
-4960
6646
-85385
-86608
19984
40895
-72731
89423
51254
53835
55413
93019
50817
71150
94662
36030
90766
41245
-68287
-81793
53508
-65365
-8624
-12941
-38869
-39960
73639
-45911
-61983
86392
-37447
33057
-6963
-95743
46450
40110
45152
808
29533
-76505
81732
-87966
-83487
32549
83184
-88826
-31422
1038
-20492
-72620
19245
-66984
89105
37711
20075
-49765
97751
-79198
4324
-64233
34283
-6034
-4086
-72680
-1776
69453
-5481
-56625
-29740
-75949
93960
-48009
-63915
37562
84540
46358
48736
80207
-52604
55334
34676
-6270
88350
23781
-68560
-64487
74016
56280
-43685
-21660
19137
90598
72306
42140
45007
-29471
11592
-60474
-59006
8941
90667
62043
60932
53842
-395
-27439
199
75430
79857
-25316
30763
14533
-4496
19112
65403
26944
54625
39418
-89687
38029
44847
-43461
28627
-55758
98679
-26367
14771
10270
-59752
-17146
46300
58005
71987
7231
11846
-28409
6881
39134
-52980
-86173
-86182
77784
28360
-63589
-76016
-6238
63355
5699
60269
757
70817
5116
-15615
-557
49358
-16937
166
91218
20422
-32497
-98839
-33279
-74493
73148
1042
37353
71828
-92078
-96424
-81153
48839
44484
23720
-22802
80895
-25206
-1951
-28662
7582
85408
72096
-21602
-82388
-43520
77842
-5941
-33367
-94904
-87635
87055
-27401
-86474
80866
-74804
13763
-18093
62549
-14410
-83082
66125
-68473
65758
-62303
55247
70045
-81409
57130
95184
-10070
-35289
80591
-37975
43110
25292
-54406
-51960
-80650
12227
80226
-68285
-73629
79914
72332
-92764
-94891
-13906
-83768
-5252
-1226
-66850
87962
-42610
25997
-74341
39726
-76869
-55750
-3144
-81686
34180
61567
25994
23294
-68235
-48715
68889
-93106
97725
-91796
14209
-70561
-65425
-5877
28860
68901
-768
-85046
12222
21069
-59183
45373
9031
-1793
98459
34690
-62068
-78411
6029
-38123
66993
-59791
50534
-7014
-9408
82299
-28640
86570
16283
-30916
94775
-69509
-74387
56439
24614
54473
-47571
50936
-3484
64651
99094
-35578
-62888
8124
62629
-64429
69903
27651
84250
-96979
89528
51243
70320
40061
71318
-39089
-50551
69768
-52519
-7179
65941
-57745
23312
18643
25783
75016
-26884
78212
-46960
-3279
42863
-47867
61144
79975
-12653
-49139
42635
-42751
5601
26885
-39730
-4871
-94784
-69411
62279
76534
-81410
38817
-26610
-33929
-68363
-60669
-64585
54950
57974
61198
-42946
58179
39410
-62817
81990
-90639
-10684
43133
89336
76663
21083
31971
61002
-73316
85945
48361
-51098
91161
6040
-88820
-5217
24630
49998
68174
90701
81635
34594
53205
-36327
-80344
14402
-52184
4925
80901
-15001
-13086
90262
1405
-69954
6687
-94844
-21782
-61343
66158
4902
51691
14519
53804
42851
47648
-7926
-62367
-27723
-57929
32896
90067
50795
94579
43271
41558
-85765
84762
16463
19160
65663
-98538
-93927
55924
-70044
63209
-37390
-64888
-58574
-71644
-98730
-26582
80047
-57122
-72779
-50014
90526
19295
-85291
89892
-11545
47605
79958
66340
-30727
-49683
-65014
-16492
-64922
51449
29757
-99260
-20000
35830
-16246
9956
-73873
-26547
45069
-32447
1810
-26572
40971
-91055
16306
-4718
86022
-66080
41666
-99270
-76189
57211
-24576
30858
-49361
44697
8264
-14375
55294
43342
-62927
-14950
-28828
-55837
47969
54926
54119
74096
-71622
-73724
68739
-42723
-296
-63202
93313
-83991
-40831
79334
77019
-99165
80064
27919
58046
82577
85866
-91316
27274
-5871
-78602
-17433
64561
85561
67618
-64268
-70277
-57325
17747
10932
-83229
-26786
37208
12599
-42419
-63088
49397
-49107
80011
-91434
-69774
57030
36491
37379
-15052
-78375
19955
-29186
57399
74318
64943
78797
83975
29503
64357
51592
-7676
21170
94267
-89930
-67899
38127
-16715
69309
-49275
40866
33310
27212
18848
13321
35778
-23837
-29650
-27732
-86459
55298
-6107
-39415
53201
-48709
61993
-54767
57177
45967
1825
-51378
-75353
94150
69792
46003
31309
-98108
-15870
41683
-1709
-38056
-90363
-68400
89156
28485
44921
24933
-95353
42360
24290
45278
-2342
45272
32953
77948
23652
-5055
-76820
-92083
-59089
25006
-43460
-34442
19155
-73669
-88440
77553
55314
-77221
19236
80694
-15276
28873
39383
-26121
-42642
-88607
25902
89095
53753
77281
-38538
78500
-50358
94415
56448
73294
-83552
79628
81212
-42641
-68278
64841
-49994
-22034
91172
88656
-44481
-26426
-88565
74755
-45733
-3841
3627
20740
-2873
-11926
32133
50118
-95742
-14115
27399
-34280
-35615
77041
87224
47922
-22577
-96329
-45362
85724
88120
-13639
50564
-61875
64327
-31175
53870
46935
42399
65305
21689
23756
88553
52406
-55505
-87231
67569
3717
62887
71827
89602
-82626
-62454
81076
94415
51859
28997
98928
55530
83636
11740
-29262
97086
-37696
-64048
-11499
-41782
89823
-64564
27706
55127
-15786
78551
-29231
-63381
50135
-16462
-95812
-46149
73514
3104
-56547
90889
40651
-75472
12392
-7491
-19385
11319
75129
91340
-76941
-54134
15514
-87548
-18181
-95986
97760
-28359
66540
25465
53857
-49246
4016
51715
-85538
-45850
-64748
45740
-64909
-91234
-51156
-21456
26744
16584
-69839
-60865
36182
-62135
50455
11310
-70796
603
-15734
44718
-59856
66085
-24178
-62097
64815
-57639
-9543
-54240
-79796
21562
97476
-65333
75713
59817
7496
-89197
-4328
56340
