22878
46727
66158
-37368
1443
59181
10809
-91347
-57141
-61005
20250
-7356
-74867
-16864
36464
-59523
-82450
44506
-42641
70971
55785
-83429
18565
36577
53963
29090
6163
27421
-70396
81108
-27095
52482
-45077
-60938
42204
56366
25333
80102
65019
68192
-80903
-14732
87925
71320
-4506
-48523
-88204
13044
95984
96246
-15985
-21143
39906
29669
42523
-79043
-41242
-51314
-24533
-84549
56883
48372
67933
38895
14524
-62775
-4740
-60144
-82673
-39721
-91953
63514
-27364
23061
34833
68130
74538
-26282
-91737
-2390
97053
-7722
76468
36959
49036
-53921
57916
34883
-78146
-66617
50334
5826
8844
-54645
-55280
-76633
-17419
39981
-36777
-73003
27349
98360
90511
99985
21420
-47568
-4796
-4042
26150
3467
20657
23203
22834
-2876
87251
-28131
-29707
-27745
33841
-7853
-67273
-15826
97974
41572
29529
-57307
-7972
39199
9763
55252
-6715
-62889
-19300
-16205
64186
29210
36227
86479
-74833
89467
-82966
-27087
-60242
39868
70038
54098
38826
67420
-73648
-27334
-40434
-40920
-16071
84629
27741
40547
-72678
-80232
-20254
37085
2109
73031
1286
82810
83916
-34529
12019
-52769
-48051
-35725
63787
-31017
37188
-96456
35940
-65686
57642
-98146
-98267
11084
-98391
88390
-2747
-14462
73018
-75007
-73916
27429
71851
-67081
-35486
-26040
33040
65800
83859
16955
58360
-77034
-8725
-89692
-85670
-44938
-93620
51518
-41394
42320
12922
43338
-28737
-58256
-45579
-27128
-69867
51674
58410
30241
3756
11583
-42331
-24394
44503
-50728
-23345
-22458
42161
-39487
21586
520
-89432
-87140
-62083
-75102
-32078
71387
3506
-46382
-59205
43517
96956
12058
85261
78466
84930
42484
30139
43339
99814
60984
-45078
-42518
-63411
26514
-66156
-59666
-95945
3094
-72064
25641
30704
-61495
38501
68621
-36597
-93577
-32903
-6002
87131
7892
-62486
84086
-80050
49865
62551
-95121
-7652
-80222
-24692
-80750
80762
-42681
-23268
44440
83833
-62335
84774
87888
40760
-87290
-59383
-28537
78305
79118
67173
68797
12630
61359
-37205
-240
-30749
-72602
-89066
-10799
77263
73485
-78831
96700
20352
-3523
-84051
1113
-19115
-80229
-54447
-35283
-42564
57416
79694
25285
70126
-79690
23837
-24481
26518
-81901
-55684
66237
79458
7111
93087
-51292
34509
-95980
-35002
-61139
4595
-13832
-64440
52036
9734
-48490
-46851
90620
-28719
-74209
82426
28717
83207
62120
81092
-19578
9519
4928
55941
-63964
23027
-99744
29363
2485
-65544
22449
-21718
-3945
-46442
43281
34916
-14758
-70552
70476
-62722
-33729
49075
-82484
-43110
-79645
-56693
-60684
-23838
-73487
28525
-42747
-65976
-61957
-10730
89966
-98831
39387
17311
-42379
-58129
-21143
7159
-52758
74912
-12194
90523
-63084
73049
47060
34481
37416
-86669
-16444
54932
97311
-69000
98239
63716
7162
51841
-7760
-8496
85866
-42627
80775
2920
85632
20161
-79770
-56748
-10879
-913
-22500
36363
-98913
65306
-46025
-61997
38354
-98966
-426
-97142
41455
10219
57790
38766
41219
-16883
-70430
-51619
62048
21811
-33026
47913
6273
-52252
-49168
-81007
-5002
98152
89335
11208
-2761
-33166
74661
-74585
-67861
-71365
90509
-2417
56759
-9918
441
-1786
-99700
-41769
-63021
-31392
-31563
-33451
-55922
-69516
15449
11053
5486
48811
-14110
56318
-5107
7978
-18441
-15773
-80815
5887
51061
93846
31302
10290
-77520
21810
-92128
79240
-88109
8313
-95458
39281
-6367
68611
-92111
-10840
62249
79057
19644
-22302
-9891
-74870
53598
76000
8537
-51509
-16023
90096
32718
-69749
-4018
-89132
-75903
-72716
21158
73667
-23817
-43881
-20005
-84836
-8479
-15463
54445
12244
-46853
-10577
-98597
-84604
-31520
-51864
-79817
-14322
-26734
73781
88767
81804
49361
-27257
-1012
-90832
-69916
22060
47126
-45819
-23567
95373
54937
52616
-48509
-65068
67780
43012
19469
-50686
82345
-294
38737
83748
15102
34306
-68116
35285
-80016
-67761
-63846
-91250
41132
12605
-91417
-59880
21773
-61333
-10731
95988
-80063
65702
91360
74874
18317
-57150
36895
-13903
12951
-43636
35411
-4704
-16841
-98764
-93868
98261
35543
65106
-39366
-17384
97346
-76123
-81545
38477
-36429
54128
5686
12433
19884
94955
8420
-33090
60656
-221
-58216
-21027
-30282
5768
-7841
82670
-10779
54659
-94946
72380
55895
38276
-2271
-81474
3382
58363
-71769
-72184
9330
-53313
-6618
72901
27904
99069
-14666
-52212
21112
93754
14698
-91143
-79378
-16429
-85081
-9660
89340
7078
-26991
-94351
-38264
-94848
78030
44720
43429
-24242
-9664
73900
61211
18567
-98285
97630
-7657
-4903
70530
-79753
-78746
82953
95125
42367
76707
-63089
51224
97329
20483
-6768
-85243
-63089
-99691
-12233
69650
89135
-79992
47679
-39057
-9474
50527
51279
-35575
-61174
-30154
93230
-63545
-10722
-84584
-93016
-63386
-63330
89938
-68262
6126
-6267
95740
84439
-81850
16222
-22330
-67093
-19778
-94932
-52237
-50129
94203
-32228
24640
-44854
-14613
-24834
-93576
49813
-58919
-96641
-29869
-22464
-80273
-14453
-15480
-43659
-50693
-98454
-84831
55433
-77632
-89092
-33039
-59482
-45781
-28280
-99485
-38470
-23211
-51722
-61510
-29009
-56861
63130
-46774
28527
65385
86741
-94572
-93535
90100
-97352
-15999
36916
-11804
-4389
93258
-35408
-2843
35516
47114
19526
46424
-85926
-12867
27732
-14205
-12352
89262
62584
35927
-72249
60664
6155
17971
40980
61771
-89556
27720
67199
-83090
-55092
69848
-72000
81825
85133
-49300
2171
-50276
47858
-62314
23927
94473
11199
38002
-91306
66020
50886
-3657
55281
-59442
59359
10121
28311
92603
55181
-30710
54374
65626
97010
21572
9625
-58082
-81492
37625
50832
30730
15415
-46998
80454
-36728
-82223
4381
84834
28976
69472
20617
-5005
-52554
-83041
77365
-11996
3407
-85426
43404
-3990
69756
-87306
-49617
35381
-90297
-956
-54995
78711
-55358
9719
29542
75372
-74867
9633
-17085
-84506
27410
14385
27417
-43615
-16144
-51966
-21531
-41609
92083
82923
-26516
-4510
97498
-83113
18589
67253
-70419
-3939
2633
66375
95105
-25273
-27826
-60254
11535
28806
-84882
36669
-61562
-1967
-20748
65849
39507
-93331
49323
-76638
81793
-72208
-91158
73875
-89286
-17674
96454
35301
-787
15042
2553
-44116
-88898
32275
49348
33297
-92999
-78479
73043
18537
50327
15250
82295
15855
40372
-38454
-18297
-20122
95305
-68975
-69671
77097
85907
-60829
-21939
23711
21497
-25486
-40989
47800
89557
61565
30773
27748
-6161
-19880
-38956
-72070
-71270
61177
-26444
79058
-23574
82940
-5088
43888
71575
3704
50855
66880
34729
81185
-28935
-52275
47445
49126
71436
96032
-76360
-69554
43831
-86804
19100
-25397
40944
40029
-18188
29078
67959
10542
-9746
68604
-10401
66680
51543
11600
-62344
23117
42393
88512
-82915
-95789
69696
-11849
-48064
-55771
-62724
-76629
-59740
-39084
-46183
84091
-98799
7
85783
-30765
-59965
-32406
98313
35083
78137
-11434
3686
94825
82335
82318
-66486
47081
5434
75907
35592
22520
80118
-67624
37760
-67947
-23395
75036
82514
16866
63042
63421
-71955
-8668
-36573
