5873
22707
69918
-85929
38856
15577
35831
-36119
16298
-90636
2437
18064
-70034
-72209
91059
99010
58295
19013
-47287
-66549
88229
58547
-1828
-5329
39092
77055
27716
22298
-59818
-57183
-82152
-26856
-7387
87766
-12784
-68532
-69569
50136
-4651
46729
-13411
24875
-35208
16555
-20244
-44150
-57347
65140
1953
-4633
98591
-9819
81003
-76149
11941
20094
-99094
-60344
-57609
68178
-90438
87329
-58678
-70736
75095
-44373
87823
32615
32852
-89740
-20656
-80560
-37775
-28775
35995
41981
27076
78648
7120
56118
-98897
-67200
73388
82107
-43349
-14671
-70711
84647
-47926
98771
52825
88727
86099
21236
-82010
-11718
3952
32902
47987
-63197
43163
-72670
-43757
-94613
-74356
19327
-25543
-20191
-2026
8666
-64074
-73833
41466
-90686
35363
25207
-5357
64652
-63058
-26194
-9489
89767
89622
-96301
-61909
34702
-8019
42043
-32397
67057
78846
37855
94387
-64912
-29669
47121
-18496
44788
-73071
79479
-46546
-37144
32735
22009
99260
-31903
74305
-79009
59838
-88753
-5203
-49651
-98987
-15581
-45952
66195
-80880
-26882
8237
-86188
-59825
-85828
51668
61651
76350
-78002
8771
-42146
-6124
35701
-62668
-25581
25646
-2844
96428
24905
65253
70733
45896
25090
81980
67782
75439
10082
79290
56576
-23724
98410
-70306
11603
39312
96959
25775
-9021
58609
2124
-59934
94470
59978
33942
-42741
24399
-91640
82905
-78446
31878
-65102
86807
2610
7883
-61014
-88322
-24336
-85576
-51151
-45046
-1910
-47785
80453
27784
63818
19764
24742
-10408
37832
-89561
18805
77899
-95092
-21217
-61071
89257
30271
-52710
-750
51826
79168
34148
-34279
-91134
69120
4707
47634
71874
19132
96483
53917
-82779
-51303
-38542
-27906
-87486
81223
23925
-70805
-53857
-38547
48001
51131
93452
53873
90061
82708
-15857
64440
-18042
-64032
-29304
43195
1690
-20438
-60596
33486
-72805
-88723
-47383
50767
65194
96928
99465
-73349
96111
39068
34963
-52876
68264
8196
8578
-56647
-40674
2029
97226
-50614
-15264
-18632
-86175
-6217
-55574
-15479
64068
-26795
-8828
-96529
-93310
-54544
41838
86398
96224
7031
10414
95688
-39229
6525
34755
22824
53649
-69893
-68981
89316
-26540
-9655
-8656
97775
-33179
3170
-93768
-92265
24042
77748
-7743
-11891
-49048
10518
-81331
84732
55975
60507
71129
52198
94627
-91368
-25026
82488
15157
36818
5311
95895
66926
36330
12300
67475
53764
-96357
65250
-79416
-66098
-1429
-71680
57945
-23682
-52334
73143
27270
58184
18902
-60910
-58753
-20592
-89781
20534
-98876
-81149
95508
83612
-38903
32326
-11078
84081
-73660
52341
-76531
93815
6104
-72887
-13847
-46222
88105
84724
-90813
-26862
88131
83943
73371
-57511
42126
-7728
-18420
10463
-1231
-81112
-69004
-107
-62261
-73496
-16496
-74075
-14081
72426
37095
12259
-48145
60565
-66838
-14951
14767
-53595
38827
-70040
58218
-24897
3099
46349
-40955
-23531
88838
28260
-4170
-29583
-61278
94599
-10695
96809
-5508
-45867
-76688
77996
-92853
-63680
-22489
-28668
-24332
29366
58986
-64081
-85586
-26248
-17676
-19670
3712
67632
-17478
33900
13980
41567
37458
2817
96917
-66713
324
-64362
-72114
16718
-67554
22378
70852
82848
-72538
5088
46257
4973
76420
-78076
61429
-37506
84934
2932
36246
-32743
10352
67048
-65112
92874
-71964
-24043
-38470
65495
5864
-41554
98782
-93813
-78827
53757
-50006
80710
-96777
47935
63557
57776
-46977
-63097
89838
56532
85917
51266
-80974
70850
81288
-17639
65197
-8361
76498
27174
-88399
-95466
-96869
-26869
70029
-63916
-41334
-4101
69361
-20160
76746
-80646
-39451
79969
67290
51195
37744
47402
88098
27582
3933
74015
-94064
-49952
-28047
87224
-40501
-62851
-94049
-64004
-8587
-82447
-59470
-78367
-82227
37648
-42283
-23560
60637
-72923
56280
37382
-53569
43918
-55561
40810
-4888
9273
-11789
-89701
63944
19234
11403
-3031
69282
83356
-15807
55870
47595
-82767
91867
-60993
-65214
59486
87730
79650
-2866
-54554
-43911
84860
99613
39458
-50670
73133
-89536
-79142
13943
-67335
30131
-97847
-57036
-78837
21387
54367
18133
-82242
-35188
29415
73628
39496
46648
-7417
5592
8524
-47931
-6679
-11827
-23708
-34144
-28649
88241
-34532
37898
-62430
-61400
48362
-41572
52543
81027
88560
-18214
-76009
36812
30262
5447
-45056
-24891
-2652
84359
75827
-63157
31007
-31591
-30476
-60470
-52433
62845
-45208
23859
-71300
26143
12099
-78743
-35960
-23242
-40142
-87599
35187
39490
20517
-49165
-78725
-28403
87647
-21373
4134
69681
53736
-98519
54039
-43349
65415
-87866
25061
-65062
78754
-283
97784
-66455
50666
53573
59688
-37236
74831
50817
-33388
61778
-9693
-98202
1267
-89176
79723
-50368
-17579
-5542
-44652
86555
-35862
-90917
88037
45267
92825
-19460
57401
-55026
15478
36155
44691
-59650
-3211
-4644
93924
-43523
-14790
-4157
-92707
51822
-42380
-75310
-19291
58887
-64486
87521
35608
17935
-18022
90956
-68421
-26794
27129
46705
-81528
19953
-72756
2962
64927
42722
66206
-63294
83073
-37005
32063
4085
19472
-82728
99928
-46146
-3817
84637
-21456
3981
43523
-58853
-8499
-93780
59083
568
97176
17751
73774
-48607
-35545
19335
-1565
-8301
49387
90451
-65580
15592
-72843
44582
78587
59220
75756
-74853
3581
75683
-93909
26853
60319
-88276
-69167
-69069
-47128
-50577
64241
39044
49991
-11495
-43206
-49146
39899
21249
-2722
-61667
-87053
-53336
-71216
74457
-10654
83031
-53872
-32068
-30661
-78117
-79831
72920
24656
53350
-73139
-87937
65074
-42306
70084
45035
-65794
34324
-15922
11286
-77171
-32039
62140
-10183
16299
86508
-44761
-43665
60261
-88888
-69208
-50394
94143
-95991
-55372
-36519
-74108
91887
63490
-22363
45236
90351
-10299
10309
75134
86874
-44656
-90661
21198
-33489
20626
-28884
-38438
-90146
-11978
77861
23451
43261
-65804
-16288
54374
92078
-39593
-24395
96087
-67876
39087
49068
-75990
-70335
-73295
69246
-79984
-56505
-93356
22239
-69632
89078
31579
-21345
82678
79294
49771
-55761
16237
-62208
-77900
-60312
8143
83386
-49511
89606
75463
10896
-34790
71549
43021
31386
20616
67031
61052
-25590
-36634
8157
17905
-29990
-69605
-24637
86177
-10937
54018
68854
95446
3789
-86907
11683
-31330
62283
-21540
76813
45668
28949
66418
21130
-60156
58718
-80233
9954
-9897
-32528
-95926
-48846
41883
-32560
59311
86877
-35461
16796
-37761
-49285
-94142
-83743
-80432
-98696
-52865
-67339
12987
15805
94944
91447
-80293
-32300
-52516
13214
88830
-12672
-28069
-91404
24372
62035
-96842
28446
40278
45041
95886
-73322
31917
-39576
43474
94157
-61772
49332
37503
-42204
50636
84638
-82453
90712
-72469
39580
9247
-52762
-92720
56731
60453
23199
71149
59473
31796
-4480
-51404
34954
51055
88875
-92917
46940
42642
-33911
34453
-13885
-39755
72681
62536
97748
57566
-59739
9474
75113
58062
37006
14693
-32691
84244
21973
51129
-28215
-54829
-50634
58348
4056
-28025
-93057
66099
-76971
22907
271
-2942
-34452
66361
58600
-21248
53695
-41631
