-98063
-88248
-13209
17979
54828
-83913
-45917
75092
61434
23689
-75450
-65385
-61672
-63187
-34335
-87107
-44935
-40598
-97518
52830
35168
-27641
60485
-47988
-97047
99229
67913
33318
43352
25394
-96296
-27621
-35764
-9505
17447
-80937
-66329
71530
21245
95105
-77693
45795
56810
87726
9698
-77526
-99382
64763
-18124
-96900
-55318
44133
-24541
32256
96146
-94499
31485
64058
38820
-98075
-83459
-30387
-98607
-19223
60108
18841
-73071
20868
-82541
-24737
-56939
66857
-78942
99871
54582
-42155
49435
-17711
-77393
58400
-14611
94379
2533
-12063
26635
-74233
-79473
85209
16914
-13564
14223
33455
56049
15617
41321
-56755
61547
-4660
64113
79006
70603
-92826
45862
18750
34134
-72468
76595
-16432
9821
26292
-58032
22299
20670
-28410
-89765
74394
-2643
57853
-13309
41360
-55712
-99086
-98096
-99663
16531
43225
-56418
-21923
65654
34785
84172
36257
-30952
-42877
-44994
-96819
-88256
58691
-86161
21566
-15018
-44193
70954
32741
-45514
8279
-65776
-21068
-33869
20915
-79709
10419
21829
-77805
-62155
65449
-7490
-91483
70615
-41837
-29609
-18124
21509
39439
38999
3605
-30291
-22168
-37705
-16452
26487
-25634
-33556
-2559
34196
20930
-94281
68420
99862
-28150
-10665
47243
9358
38253
69438
-25707
3702
89037
-17190
-98595
-52800
-19710
-16719
-4202
-80272
49369
99403
-10563
-72799
88787
72986
53688
-36848
66519
-48872
97349
-12551
83937
65768
-85601
82876
82192
61642
-7766
20445
-41831
-6384
51236
-52795
76426
52641
-78506
-43285
-64078
17293
-96468
85291
16695
-79942
-87509
5482
20133
66180
-4277
-13348
44397
-6929
74101
28334
85929
88500
-61702
68120
-22769
30532
-84347
35400
-75853
66889
82605
27662
19530
-95901
11466
55452
-51519
-57913
-32169
65176
-37854
-19677
97747
82279
73592
-6530
-31070
-54923
13630
70120
500
-73353
-14291
38799
94768
62940
96420
-89580
-74572
47657
4399
-91968
-97593
-76072
39221
13874
6469
87702
-16950
74300
-20033
45196
-45378
-95198
-45436
55303
-74639
-49417
-99620
-33919
-79297
-72031
-7272
-66499
66768
-85416
96441
63188
52095
-78132
-62067
-43507
56990
-59660
-19579
-76700
-18697
86890
-88999
64354
-11722
-81943
-63362
-30010
49950
-81709
-74708
75311
-31125
52762
68481
-83333
80732
-38791
-49832
-25412
-24207
-53392
64865
54977
95566
-97203
-88531
52555
-56862
-81021
75855
-48470
32958
13946
-84117
-78764
-40908
79612
-8774
36131
97903
-56393
-61469
93867
23459
-92989
-89467
-68721
-31780
-39299
5867
-28897
-65602
97822
-73921
57053
-99382
64639
-63303
70846
83618
39641
49466
16576
-46414
65349
-35099
-60232
-27951
56127
75899
97042
26823
-85571
90908
-49719
48531
28531
-18440
-83250
89232
14517
-85058
50720
12338
68112
7772
-59955
32750
44469
37981
-56544
-88801
-12554
60032
91875
79884
52022
-68358
-48067
-64763
34631
-51026
62061
-23851
66971
-87659
-75321
-4499
-79009
68520
-88178
35508
10551
-10369
74935
-21338
97403
-85021
38501
-31039
52960
81958
-19840
-59595
-30922
99124
-79711
-78900
-69234
99312
-43663
-7514
75375
-81603
-4276
42345
57829
20404
-62154
5909
-83988
76758
-58584
26563
-33612
43440
-94775
90880
58419
43726
86930
-61532
25683
-32911
-21127
94762
93303
-73749
42951
-75932
-74438
99288
-56357
-99064
44775
39367
-29629
-70308
86860
-64694
35601
-97129
-87937
4106
29435
-21549
-52455
34660
-30670
33053
-94526
-43740
71521
-41753
-49562
77484
80098
-56260
-96266
23048
94898
56387
-50576
-61460
-15588
21288
4997
54783
50980
-8144
90089
-86331
-5272
-97849
17775
-75838
-92309
-7591
-14089
-95889
-74538
-8615
-39629
96983
49632
-62102
74466
29729
-91272
5290
79866
-96375
-38324
-70710
69256
46088
50578
-25748
-72040
-71353
66108
-81952
-57684
87925
47290
60092
-87914
-17930
-47500
-74914
-13819
-22038
16472
-26359
-97966
93193
11540
3589
-49989
20268
-91122
-70124
-49018
-29446
-40834
-79763
43732
36834
-78422
-1219
65481
14776
-56082
-92204
2700
91208
67888
14787
-99633
47478
-33038
-13452
52529
83434
60190
-18348
76627
98819
85242
53727
19086
94120
83603
70068
91764
69859
17395
-37416
6692
38973
61365
-27828
-46252
-94718
-20032
56449
23580
74946
98325
23947
-50488
-34714
37584
29130
75810
-2227
-89218
-20475
-76320
96024
-66749
42766
17232
-83147
-60077
-63916
86712
57318
-74243
-6597
-76621
87122
-7336
-22872
19494
-278
60666
-56927
-98244
58990
-5891
-48732
51365
-68308
7487
27174
-43445
18269
33788
-19765
-58619
67039
50091
-14297
10982
90014
-51124
-2307
-25580
-25366
18186
-2201
-38245
37939
2016
8338
-62340
-37319
-21500
-60584
48760
-302
-82227
-72786
-41520
25261
-18523
15035
70619
-84735
22359
39090
82304
99539
-75208
-6715
16641
-26332
18068
91061
-24609
63343
-84051
-35764
1281
17965
72574
38942
7736
-48926
5447
-43505
50772
-49690
-16291
36341
2660
65187
-48625
-26722
80452
824
39457
-10156
-72549
-8662
10219
44093
-7904
55376
-37758
67487
18718
-21809
-68278
-80002
23246
-95704
-13971
-69019
82460
18566
-12524
-39680
68876
-1725
96662
-28465
90551
75126
-28098
71002
-96962
-88641
87935
-69510
-70214
-74758
1672
21882
80618
63914
-10631
-665
-57895
21091
-53577
-7560
-47524
-40459
23421
62025
78107
37986
49435
-25929
-63740
46096
-27305
-73190
-51690
44598
24901
78439
-16954
12836
-91072
12832
-34833
10600
61804
-54215
-98398
-48828
-27791
-56293
72263
18632
36147
51829
5263
86657
13853
-89542
24643
-36713
-15470
60903
36472
57225
14803
11872
-71089
-60297
-9690
-60954
-20372
-73673
-21032
44796
-35984
-59229
17670
-34382
-8057
89879
-63585
91295
-64400
-349
-29788
40863
-13692
11155
51321
38040
74442
62940
-73969
-61997
-52746
40834
-23036
-23835
7627
67274
-57699
14344
93601
21269
86229
84706
-10871
3898
-49677
8161
-6223
-86173
-73456
-43534
13479
-3243
97329
26876
-92089
-24262
-35085
9442
-61322
-9054
-25466
-14068
58870
51498
-10814
-33504
18771
31487
7929
-60540
79845
-5842
51255
96063
25145
28668
4223
46011
42495
30768
-97524
83063
54614
99805
9938
-10386
-97368
1942
99056
-58690
92889
-99321
-45669
-21153
52177
43517
-27568
98038
-97907
80361
64587
9027
-98393
15842
-67821
26753
-55491
36402
-27237
14093
94259
-24760
-2844
-24039
-97867
-92907
65575
-95235
9036
-8280
73165
-70987
-7601
-72505
7860
71665
-1898
80292
-3209
-72716
-12259
-38622
-36600
-10651
4309
-4421
-83899
-24093
-68019
-84047
17089
53329
-81718
-85756
56380
-79584
-78662
21954
52271
-42537
40763
-47475
-86435
-66839
-92891
-51486
31916
5211
55895
-71294
-40416
-56365
-82827
22985
-39927
-51429
-81437
-23826
-48433
77634
-80783
68657
-41948
-62501
82901
-85569
85005
31328
-36526
37276
15880
-95763
16890
-43466
64488
23999
5048
-3597
56300
-39058
-47801
-84117
4578
96462
-34043
64651
72123
-88390
67915
-76311
16333
14221
19435
74385
51720
-70575
15905
-36186
60753
79380
28179
-96278
10706
-54932
-39744
-24807
69067
65305
