87066
62444
-29919
57538
67334
95785
-64366
-87531
23600
-13503
-79658
30521
70162
-11559
-53409
5328
-14450
-64860
60654
39497
34952
20030
29319
-48355
5155
-86578
-14170
-83531
-42280
34959
-90577
71876
-2597
-20496
29413
-35264
-97622
65047
-95706
25978
78633
51727
-43502
-24116
-59833
-69821
8301
25718
92409
-31046
92304
-45551
16073
21622
6095
-78773
-37866
91925
-62304
-53057
26883
74210
-81182
-75715
80803
-24679
-83890
83181
-59633
-79595
-63752
46090
72132
-80165
-78027
-87702
-49986
30274
-34895
-57578
26317
-42592
-76039
-57611
6120
30056
90706
68254
-50931
55492
42286
3041
-43210
61105
27327
-62408
-63575
-29474
-79227
-96119
-9069
84111
49971
90152
-96055
-967
29540
-46040
56396
94645
-76529
-17288
79143
-52568
-47810
-14738
4577
69986
80605
-19265
-47434
-50021
83777
9356
-88917
11103
46948
74598
8718
-5190
78480
99650
-21080
-44461
16890
-17134
-18338
-53571
-36085
-61943
68164
-85525
-52141
47306
88998
49
59657
-6426
97124
-32650
74310
-50311
17329
58086
59045
28413
96278
5993
-69901
4995
27892
35668
-68267
-93188
18297
-24287
-83233
99959
22142
-19318
-61985
-82606
-4843
-14126
64700
-15846
13013
-48555
4818
10136
18795
-93784
59826
-63876
-8609
18870
-8374
-85243
51952
21725
-53159
-20156
84483
-94336
-86255
2779
-18623
57602
2737
30608
-61717
-32159
48003
-39471
-19195
12702
-28227
93818
64148
3680
-68958
-89969
9896
90868
-53845
-98714
-63173
-35130
-83957
15868
86596
89974
22801
71078
95638
-36365
-99055
-22986
-78764
3682
-92378
86609
-1388
-17286
-52862
79417
95416
-54000
73234
-13348
49680
-95724
-76227
-40425
22233
-30072
87951
-13851
34799
31083
-97983
-51517
21056
-48093
46650
16694
15543
47595
20797
36779
78366
-44492
23388
-23023
38222
-2385
-43606
-39273
43615
56717
-25532
-6706
60993
-1759
-20042
-89685
-4741
94998
-3536
-69943
26080
-74430
-94371
74225
-22522
52279
-81993
93021
-73038
38805
-43112
-94673
21402
80276
-90607
-40376
-95021
-34213
-52560
48594
49594
21908
68977
10586
47239
76024
-52010
-57503
71021
-28456
99644
-75811
-2886
-94728
98415
74592
57551
-83579
-5299
11602
-17685
51590
-55982
30807
-41046
-46589
90431
-36066
-53712
64960
39617
95882
-86044
-64317
-66444
61195
38796
-18453
30781
9817
53091
30424
34006
77294
35696
32420
-21025
-79665
-24069
73676
31937
-14665
25265
75955
-83859
11309
-70634
33661
2332
-97257
-1380
69038
98625
-60334
31810
59270
-99140
-29394
67906
31642
80423
-51915
-37935
-58483
-74621
24851
73938
4354
45186
76958
-21971
-22877
-37708
30384
80167
-94477
68782
36622
39184
-28887
39365
64894
67240
-34922
-95441
-950
-75652
-94581
69656
92254
-35850
-22833
-59661
-46695
18684
92808
78156
-80290
-2839
23341
96668
2279
27553
86050
59752
7720
91573
28533
-55659
-42155
26735
10796
-77262
-6025
75874
-72703
20114
27311
-67283
-10231
19565
-76044
66936
-13007
-22739
-14381
-93111
-44584
5330
-68861
5847
-70914
33418
60489
42225
-79741
-31792
33797
-24119
-60361
91643
-97384
50435
-85620
-76320
-46603
-58322
43794
80709
-98516
60652
-72638
52530
-45324
14355
-70209
40295
-51667
-87704
72714
-20528
-54768
28890
-87111
-94279
-28886
60238
-26071
32001
-63881
-59343
23643
65825
91092
-34888
89505
-55511
-66121
-39613
52287
62453
48128
79649
14983
-97197
-78908
-28137
-29813
-30575
-15841
-57099
48897
29392
-1120
-11125
-37798
69994
-50887
36131
1994
-14768
3878
52726
78146
-77942
44928
67650
93637
78807
55126
45923
-31651
3253
25571
10421
6056
46663
82284
3332
43177
93532
-26678
-7927
-49988
72202
8038
12214
42196
57151
75435
-55811
69472
-20688
24005
47617
1370
-31068
-57645
-4993
74828
24570
-59071
-56824
-72178
-6410
53597
-39033
67342
-37031
64299
10519
-43499
-62379
29681
6513
-90178
-62282
-81273
-20893
21958
21251
-49614
-81482
-99438
74391
66135
-70979
-56678
35579
-48883
-81851
-39852
-80864
88416
-84941
12726
42012
-96885
-19933
-95019
-5496
17675
88572
-40786
-52644
-4916
96126
-14926
-59100
-24767
34122
62151
25619
52640
-10198
-72902
-54136
-54087
-29580
81443
-2970
-84342
68681
16166
-95927
10829
-71109
-26825
13945
-63952
-94755
-91552
-19188
93817
-32338
28168
-84011
-36213
40332
-43110
-33891
-25547
46130
91728
54182
63022
45915
-99955
-91066
-83666
8578
5964
-68007
-22742
-77870
63156
88087
78111
-63670
-70880
41248
-58425
-62432
-77940
-64609
-67681
50228
-48619
-76804
-82352
-64640
-10695
-7899
8579
-91878
-53717
-28400
54037
73418
-92377
70372
-18005
-59323
29454
-13658
-37193
-80302
-98482
68007
-43971
-69362
9255
-75307
95297
31315
87175
-72385
-91369
65645
77901
-73720
-98996
-32794
-54530
-63328
-24672
-81158
-64638
56454
92261
-57015
-46086
-25745
-16338
10457
-12313
-26442
30156
-10795
-58435
86185
-53068
-22091
37967
-57772
-90777
25141
96934
-82146
-9215
74834
-55866
-81122
69129
-83306
-44449
71546
-64464
-9087
28000
-72204
-39013
81914
-70859
-28261
-7629
16828
45297
-77474
-93968
13951
35800
-47036
91860
-26234
-77718
-98918
25997
46305
46027
-83219
21138
17250
-64340
-82644
33944
-8789
88902
69481
9213
16901
24366
70200
-74096
53507
-58062
18275
-29666
14325
-32110
-96545
-71725
-96311
83510
-79865
-95456
-94209
48307
30541
52096
-78578
-25588
-99678
38673
10072
-82322
99706
28372
33670
69186
-62416
-49430
-79359
34873
-23526
74148
3901
21838
71572
-81775
89728
75027
-53500
93417
58536
93725
25051
-8584
-30879
-44409
-56489
-9457
30003
70924
-70785
67164
15691
56011
-4465
-50640
-47715
-39792
-72980
-27074
95082
-69417
-52926
-73929
52422
-81355
-55704
42149
20761
-82115
-37345
-20703
-88390
87706
70713
-19269
70386
41314
-1637
-72522
-60674
-45332
94642
55017
-89322
-82734
31467
-37037
-22526
58487
35890
99645
89070
10053
-74285
41491
-44213
-29989
-89271
76548
-12103
-26616
82934
-73404
-38911
-19264
-65584
58564
-77951
32779
86042
88465
87447
80684
-29430
98125
97950
-97964
88178
-97488
-12388
24067
29247
-96229
61209
54962
-27649
-83005
52063
-16920
93543
67049
56464
3566
20734
44642
84302
55150
3206
-93650
-12072
-83664
21904
-97536
97020
92474
-99412
22058
21600
15855
-48340
36301
-60079
80907
40072
28219
35868
39513
45214
-84981
-77408
-34154
82068
6146
69412
2801
77877
53713
85040
-91829
-12848
-99943
-75492
36145
-97479
-78473
28618
30199
-29325
77307
-53946
22335
13608
-86936
3241
80769
41284
66198
20281
-86414
81218
-30037
-20568
-9626
76109
75933
20265
-18926
-43266
5304
-10754
-29025
5361
13754
-92881
7882
-37630
-37173
65171
33045
67223
-88776
82469
-92081
-75712
-14291
88689
-7339
78997
-63942
6248
60214
-66890
12769
77677
36308
-84209
-2059
-82618
-27475
-96755
6628
-29410
8606
47471
-22291
43578
-90160
-32375
8748
-30025
-65152
-52939
79533
-57233
98439
92332
58545
-8900
71328
21693
97348
-41370
54803
-62795
-63694
-8889
-47004
34248
-64418
