20555
-90089
-26709
-6525
99935
22900
-93243
-65696
-22343
83937
-26713
-5987
92149
87826
-49722
37505
-28088
86218
54784
-75066
71932
9093
-59819
-83057
52386
74543
-51746
-4579
78294
-89425
97748
-1152
47576
-28962
19412
47510
21028
-46742
8904
98685
-62806
9280
-80214
-70658
-75806
97154
-6063
-3894
83371
75810
-51870
-17608
-88008
-11689
-665
-8533
89944
47589
86888
68237
-14747
11724
-32916
-67172
82763
13585
7428
-69121
66844
43421
-70437
31127
79790
76439
-12441
-96016
73592
8585
-72821
-15948
-15606
-24691
66444
-76525
63621
92868
14942
53564
-32455
-71082
-51111
52798
40643
-56938
12715
-49506
56647
47232
-18627
-49421
-9348
-61975
81707
-29558
-85537
-30735
-98485
15144
77850
-71306
26285
89333
4004
-80183
-87192
94714
-87316
27750
-24634
-19771
-16242
24255
60116
-75600
67317
99921
-98017
-48948
47152
-16644
1632
64894
21381
-16662
-64665
-37067
-20308
-63150
78077
84631
92634
-68549
73963
-3363
-48732
13860
-81561
91043
68700
-6195
98361
-47543
45149
58477
-96054
12465
58397
-94071
63518
5548
-83626
-34851
97531
37755
-24424
-67135
27777
55268
96805
-67058
-33013
89439
-35607
-59051
-86836
15662
-18101
-68396
-66207
-49402
-47502
-67847
-69856
97648
90630
61180
10112
-23885
67109
-99282
8753
83483
92957
6283
-51674
-31468
-33762
76103
50889
-36958
-90956
-82125
79570
-99473
85915
19824
-56722
94903
51428
-22929
72590
-96075
9224
-97267
28662
-73057
63913
-61226
3058
-41890
66582
38900
68682
59539
-54817
-82993
55160
11421
20199
-66862
1552
-43668
78103
-91789
-43141
-8894
28035
-72774
-13992
-93449
4297
-41403
37566
40611
88420
-33772
67554
-20579
-67909
97701
-35380
98673
36601
-66699
-14700
8873
-49692
-59540
-79707
-2404
-99313
-51066
53929
78790
-42855
37877
-30104
85180
65104
-17007
18820
-30600
-31320
-43614
37100
84189
-50297
-68258
-36390
-18206
-70557
-44681
-92445
-6867
-11379
-7144
-97995
-33982
-39595
49388
63615
88182
98322
-55368
66971
-44533
82509
63956
67736
47612
74039
-13444
-82988
-57282
-29969
-18799
-73094
-53177
12944
-82395
28617
42387
-27075
-36739
62609
-11365
56117
64614
54653
43611
14001
-54644
31792
12322
-10012
-74148
-5122
-27503
16897
-37386
-79892
-9065
-23741
64210
33653
-26621
-54589
-12351
20202
-14556
5254
75908
-72170
5268
-60832
17528
93903
22375
-17859
-24355
93075
23231
21001
-48044
62642
-89011
-22192
-42480
-89425
94705
-52777
57773
-87271
-49429
21983
46382
23950
-5517
61120
71241
79927
93464
-25763
34846
-1269
-59506
-47627
-80277
62869
-38397
-4632
-16967
11923
43458
34989
-25436
-18464
39886
-40827
-7889
-38321
6396
-50116
-25592
-15944
-1044
47880
35095
20528
8999
6335
454
2462
7661
62389
28283
48156
41851
-24905
-61887
30543
70463
21146
-57535
13920
83224
-55882
95457
23109
3292
-85344
84789
36777
91630
86286
-79167
-9415
34165
-16983
-88888
-56836
89353
-61345
-27285
-75898
28133
28087
72258
-30017
-96819
-89629
27615
733
-41394
70080
41743
-58170
41288
-35712
-7972
-55421
-21056
-96095
8445
-29426
90192
-43633
-11752
24356
39385
-73550
-5391
-44174
-34895
-5586
-20072
93239
-77500
-47814
90311
52772
89647
17926
-46496
-51748
-84906
95247
-82829
56382
-40466
9200
28050
-34432
13105
-63505
-36769
3296
-7138
51479
54742
59336
5018
-50650
-84839
70124
43764
-4910
-9549
-6646
-25635
-92150
-53875
-35989
-47135
-371
-60648
-32040
-78035
83614
51431
-91412
-7187
-20519
-98755
33007
-56935
-35524
63393
-36984
43045
18134
-77648
-51938
-5427
-62487
45275
-61663
-40308
62815
31691
34057
70666
77816
98068
-76470
-95467
64510
-81421
53588
48123
70011
62177
68025
76581
63422
1031
46735
54988
91513
-90250
-1968
-63265
59192
-26817
31309
23795
45548
69646
83487
8362
-71575
17544
-20973
33330
-57300
-70353
-35048
-92791
-51774
-81460
-17579
45326
80717
-49555
-51005
-28773
-21434
95730
53304
-29922
32570
-48665
6814
-81150
-48392
65212
42645
97156
34857
26132
5517
-9629
70765
11634
-76300
-86536
41281
-84259
47764
16596
-65719
-69816
-38078
42087
-92281
10917
40404
-13715
-66264
-6293
-16548
-6605
45043
17355
12245
23740
-17434
-45110
20895
44512
8111
53501
-65118
-21125
92224
85672
-7661
-39407
-98587
67192
77190
-64306
97377
66201
4871
-94905
-22883
-54726
-81531
-62058
38981
1921
31337
-88888
-80724
-56418
34852
1842
-1528
82836
-53646
-93418
-36574
-91675
-87454
-44351
93998
4885
16243
22500
99167
-79479
-14717
96543
86722
90154
28727
90928
-64573
-25715
-71130
1498
76206
-12704
12610
22571
30878
74552
-75587
56439
-15524
97857
-9890
47902
-93819
2656
30641
27268
34631
73973
-50233
33797
94494
-37860
-42572
81215
-47707
13244
-769
-85190
87529
28101
16308
-9177
-84603
56007
-86606
-26636
30558
64897
56893
-84966
62753
74092
-9975
-3977
-23252
-79335
50381
38468
94638
-99853
99354
16220
-37713
-43219
-2566
-58330
70025
23755
83570
-15358
-48145
-123
75465
94342
82973
88859
94796
-59380
53755
51688
82744
-56404
25779
-27232
-33291
29616
-79477
-82911
95173
-84840
44326
94526
-41530
-93387
-48694
-17007
75373
48420
-93253
58942
-66939
85693
85908
35616
80034
-4031
24474
1918
36589
-94682
80695
19332
76004
6474
92101
-57288
63179
-87377
-40199
58352
54873
-95873
52877
40432
37830
31273
-76575
-59709
-20308
-69828
99233
-60157
-84136
12229
75459
22988
-91803
-72979
-75095
44787
59429
-94400
-35882
35433
-60837
83308
78145
-97659
23020
65036
-12218
-95018
69163
-59341
45414
-65919
-979
68839
-25628
78713
26101
-99307
45645
41965
12922
-51808
-35048
21119
-97697
-83053
92995
61732
49637
84203
-2836
88800
-5401
-97602
18230
-82381
-5477
-93988
49691
-36315
73761
-4896
-75145
-27219
91033
-773
78583
17133
-80
-48683
86187
-87159
-491
78229
-38951
1812
22265
-45956
90634
-28099
65336
-12203
-39300
-40066
-82716
78930
-22447
11807
12031
54333
2581
-14209
76527
-45475
-14339
67559
53752
-35756
-88220
80761
15561
25056
20691
42159
-69627
81741
-56029
52638
62874
-65396
-75462
28209
-50510
-87673
15232
93865
18347
19875
-67240
-69623
-25793
-37569
-56742
-49267
16956
-43992
-81709
97798
20252
57161
78558
62902
-90694
-73662
-67850
-60321
35168
-96790
92318
-1959
64904
43945
53339
41483
56273
-31430
35347
-25381
15534
-4803
-67915
89742
-15283
-97568
-59526
-98328
-41559
85856
26559
5782
-29895
-67794
-31316
-20589
-41456
-72077
19091
93712
-68867
-61503
-81159
96037
82442
-731
37519
-34197
-5072
99956
-32489
-89538
-4848
-403
-99797
6958
-70882
-59323
8630
-12441
53622
62279
93342
-76273
94485
89115
3138
-46972
-82963
49318
-53261
75260
87815
92670
71296
-2654
-8062
-64097
63149
86866
-64142
-69340
97328
-41901
-42654
97531
65057
-13536
65298
-99224
1113
-53992
63055
-78457
-30265
57539
37747
-37
37656
-18127
-50720
11484
-42868
64185
4153
55517
-38470
96091
91420
-75322
