14908
6460
-47133
-66238
21981
63136
-75060
-46633
65782
-61386
8243
97043
-3774
-45312
-46828
-94798
-14298
95011
-27427
65626
57713
47525
95244
30636
-20504
-44073
63570
-27538
-38944
-19171
22405
75964
14378
2361
36815
-63642
-34504
61755
-10274
-68723
-99631
25058
55409
-76316
79746
35671
-71114
92537
-42230
1459
58162
-84517
-51017
53405
46119
-44432
-90669
-63223
28030
97477
17607
77525
73441
-68016
-20115
10255
95433
45382
99100
-87753
3748
99469
37305
86247
-76848
-55861
21917
79128
-63325
79687
-19414
94837
22259
-43341
48242
95467
12227
-15338
-67756
67347
-17861
49851
44871
82669
8924
51845
-79988
-68555
-2774
-80889
-56308
28064
45669
80997
14310
-4090
-74865
-63774
-24963
-38190
43002
-17287
83737
-34739
39372
-40933
87817
78688
-29182
-79940
46034
52957
-3000
-82007
-37286
33014
69839
-90184
64459
94154
-71073
-91849
22217
1686
16237
-63474
24685
-31538
99842
99723
-42639
42844
-90476
-58903
-91896
48896
164
23010
-45328
70983
43071
27796
-48972
67160
-27122
-59168
173
-57284
-49352
-35368
63960
-93336
99873
-13824
8350
16109
22703
60125
84571
22544
-13064
-58068
92477
-3540
-89882
27670
72445
10283
-49320
-72884
-91646
93751
-17999
86472
60910
54880
-72697
-38917
97596
-22049
-47196
61555
-88295
-47324
74821
-52856
-4126
-75388
-92732
-19555
-25755
-5796
-50534
-33278
90664
-40416
94392
-9803
-3044
-54929
17314
-67601
65911
99315
-81129
-46090
-18717
-53826
-57918
-21121
-48785
-5114
67523
-37080
-25349
-30568
10064
70525
-5956
-55578
78059
68290
38626
54614
-64989
-43621
41288
56492
46576
-61757
-98437
90979
-29357
-5437
17383
-83397
48473
98666
89867
90555
-95367
-58919
-87471
72157
-68910
-12820
68678
-31756
84795
-37278
12666
62853
-68989
78381
17467
93112
-65241
-41246
49603
8425
-75914
-21745
-597
-78182
72819
43875
-61579
21291
42541
55378
-61065
-25737
96459
-48536
73509
54639
-34266
42187
49972
-49472
-95092
89727
40470
-64081
68107
85026
-70970
29956
70869
5722
65470
94956
83978
91962
43863
56796
35837
9374
-94825
-94534
-35249
-55890
-20271
88299
-77336
-46762
42937
-11602
95425
-80003
-33985
-99668
-90277
-93516
63341
4920
91511
19460
61965
-10532
-74819
27434
-15577
-90842
19395
55376
-6957
-44769
-35251
-1781
87787
-43411
-30582
-32484
-55113
-7918
20754
14914
7569
-56733
34911
73584
-56401
-28276
80069
34029
76644
-1332
-46512
38608
88136
-94242
93131
99649
42007
12525
-17887
-64951
-5154
-26049
33268
-17368
30540
-97314
-22763
2516
-78143
97991
-82571
29427
68347
-20570
3010
-88055
-21757
-89833
-26937
-45114
-64076
26551
20583
-75940
-40601
13713
50798
-98595
53327
-67090
-63546
-51828
6861
-3188
-42106
64490
-73413
35131
-32995
-51556
-39789
-88476
4960
-71443
-81957
-92030
67593
-3714
45227
-59345
-21739
81152
-5704
98844
32301
53695
-60355
-89813
55100
92972
-56903
18643
-58856
-22953
42544
-962
68626
69131
61258
-64370
44665
-78532
74244
-50376
-49974
92287
84684
44708
-84339
-43000
85363
-6078
-61849
-20342
-7235
-2459
60442
32410
7728
15541
25382
-22086
61274
-6385
-17950
3817
19742
-49325
-99963
-19001
-86606
-28209
-70443
87639
-51496
-93328
7014
-66812
51380
22676
-9812
36742
-83403
-44572
43490
-63548
52969
3931
68862
87786
46562
-78668
-34301
7835
-57964
47749
38741
61778
98424
38778
69867
38907
-89432
26513
26545
-40927
33185
60649
-80650
-88347
-16676
-63373
48395
-72990
-80856
-81027
-36538
72113
22905
-67676
-13013
-30534
80746
52686
4390
-77218
434
-56870
11649
-74054
8998
-91396
64853
19566
-37794
-81513
5728
95391
79136
-47833
-92957
89549
-11206
-17472
-83442
7938
1501
-19979
-92861
51495
-60566
-5874
48050
47269
73901
-47561
-2860
-25666
-77341
-91211
-72631
31657
44483
92223
78312
-93311
-89291
-15960
29169
16934
36207
-36698
6482
52091
45830
23040
87118
74420
30150
21347
-46996
69584
42562
-98947
16853
16463
80583
-86008
17886
-96759
49871
45256
-38013
-5646
-35433
-59702
-71868
-97635
-48573
57301
19299
14724
47692
-74220
-33186
-6479
-24091
81021
95031
-93941
2367
-51966
75643
-55071
76177
-80416
-11519
-16152
60667
-93634
-12911
10537
-21289
-23835
31980
43278
16464
-12799
45643
-5020
71592
92031
-90297
19283
44900
-96394
-87196
47899
84628
34924
53958
-13006
10047
-43311
-40988
-13777
-96637
47493
70072
64030
53860
84250
-25434
-67430
87505
33636
2938
3968
-79164
75670
26037
92428
67701
35741
11711
-60311
-33564
-48396
87588
-48937
13617
-31366
-34853
-76337
25324
24159
-63025
28687
98742
34136
-7284
-20310
18386
-5629
12260
5890
-71994
42287
36947
75933
17957
90073
68360
-87254
25813
-92841
79525
92250
85853
67113
70402
-531
-64254
-64452
23132
-11841
-13203
60108
-83155
-14462
-5757
-63350
65228
39718
-41889
-95424
72697
-13883
-26047
-63268
89139
18999
-73195
-15412
31745
-20293
-8253
11269
-28044
-22400
-94530
69448
77069
68307
32085
-72710
-43535
-81119
14487
-99600
-68492
35819
-62950
23825
-97374
-4839
-44509
75323
8368
29444
-87945
-2494
-51558
-61140
9183
7276
18567
-99070
45634
17613
-94381
51105
-85851
9777
-53500
46234
37067
2965
-7795
78643
3365
23713
14462
-32495
74628
17088
62666
-69882
-80501
98123
-13349
58644
-77282
-37818
97504
31901
69458
-56840
-40080
-57820
-12138
-34461
93285
2011
75317
-60216
75334
-60528
-30161
-32462
45205
73204
18341
86756
67798
-7032
3843
-42447
-49825
-49569
-44325
-36085
-90925
-94518
26097
33668
37384
-77357
76828
97304
-35177
91779
89933
85198
-79122
-7662
52071
96213
-41101
-78091
-36250
-95897
22203
9180
90859
-10000
-97853
-78210
47553
79412
-27778
30318
70416
-91614
35800
-3488
42054
-99728
-53756
-54029
24666
11068
-62251
-58313
-76646
-41372
34025
75425
81930
92924
24424
-54321
97028
-53374
54860
14975
-36285
-15904
36766
38358
90598
36077
-31325
61013
44463
31564
84615
-86395
-41074
-69142
-40424
83592
-30985
-75585
-74722
-7631
-89868
-13608
94884
92062
-20685
19307
64830
-96569
65933
-53222
-54504
56737
30875
9351
-4906
-51439
-54573
-9142
36663
16979
49512
21277
-42327
-91563
-20775
17250
19118
-24671
-31246
-28515
-5212
-21114
57877
-10329
98037
64281
-91023
62866
-5198
1999
36734
40298
-41265
-32392
-50352
-19081
-56742
-77836
-1134
79921
-33768
-51623
1198
23905
83904
7512
68244
3021
82841
64087
1595
-95283
70062
-40529
-5612
68098
50842
3365
-41947
-54357
-94637
94787
13030
91189
89484
62678
-27893
-67259
11931
70973
-87339
5252
46440
-59052
-70844
-42568
-24451
24490
60454
85480
-11424
89138
90197
85728
-51391
-15415
-19086
26540
87950
38967
72183
20403
-39158
-14788
11591
-49675
74979
10787
-89845
-86002
-91152
49907
19250
-17623
17944
-24505
39810
93494
99985
-72648
78973
-84350
-83511
69169
28467
92188
80843
-90620
18727
-4118
48348
-82002
-83716
36279
-69701
-45036
13694
-94723
-7160
23849
