-19263
88860
-33915
41420
-85313
51704
-94916
52928
-75607
88943
27482
39839
97408
-1318
61199
-27617
-66826
73030
-29709
-17976
-18963
54340
-79789
30796
-38996
-11683
-21534
-54468
-12568
48102
-46684
68169
-35950
-53510
-63322
-94173
98194
68852
-14156
49676
57794
-86675
-10486
-17710
-60904
77803
54673
-27729
50832
-75036
-18616
-68131
6393
1595
-10246
-5514
17001
-4690
40019
-95568
70501
20424
-309
61641
66914
-36542
-5443
-7804
-67691
80401
-58129
17192
93727
31386
99482
-67178
9188
54155
-67818
87109
6208
13567
46067
-87400
42251
62911
-65825
86342
-41780
1283
17863
55810
-78294
44643
17450
15709
-91900
-87994
34994
-59591
92408
76866
-15310
13223
-64660
-15828
-26866
44528
65416
5317
-41275
-28377
45973
-95208
-88688
-84688
67703
-54513
-98347
53012
46771
19517
8821
68477
-35841
53361
-88725
99350
65367
46269
66848
-15137
-49777
-48462
25175
-14437
35710
98310
57180
1125
-69285
-84095
-163
3777
47787
11149
19089
-57422
56636
-52168
95590
3406
67349
-68501
98973
58597
84860
37337
57946
-22684
-89306
24794
62179
-39082
3421
-12646
46481
66220
-87248
3661
-32656
-56533
-53345
-5730
47244
94442
-94582
93422
-62981
-10857
-58747
59698
92550
35691
91197
18611
-78623
76057
83037
6412
-46628
93731
-68795
42640
-45352
-38285
57083
28219
-72066
69835
58969
-77633
40391
-94377
16637
-85277
27154
22055
-91855
-8738
-88802
76488
-49041
30837
-60732
-57845
76537
-39355
45301
59573
67057
25762
53303
25352
95492
35041
87067
52574
-36741
-84999
-50502
-77773
64458
16978
54940
-18905
31702
-17907
30239
-33064
444
-31474
-56577
51403
99363
-17309
20647
2988
43336
-34052
-37440
-62518
18799
42953
62834
14290
-94918
49900
-33136
-31659
-8010
-56549
-82343
-43552
60429
-314
-35368
-7870
8868
94871
-13845
-90689
90487
29579
60714
16938
39359
-18640
-80074
-90216
-25603
-90425
-52734
93197
52528
-89901
-65425
57610
-12912
-71472
53040
6168
-28021
-2214
-10295
59498
97472
54337
-48373
6339
-23704
37783
15650
-33218
94451
-96548
83721
-39102
-88098
30736
-29318
-86612
40311
17948
33674
-80072
-44864
68250
4627
42225
96778
-42333
75482
-31243
-17458
-34814
-71746
-19986
46612
-93030
13442
-77093
-28158
56182
-83221
93382
59634
27589
-45720
-1375
-41676
24962
12014
25724
70000
-54313
45652
52225
-86064
-49721
-5551
37804
-64965
97020
-93440
17577
-37795
61904
24680
-91184
-4037
-61878
58814
-5105
21393
2682
-84635
-91885
-69730
-30355
6741
-84317
21697
45844
41407
-81215
91531
-85852
71010
32557
91517
92549
-29640
-73449
89568
-95991
-28783
78863
-6998
95898
87679
16054
61109
-26419
-89052
-90410
76263
-73686
-82295
33622
-76952
-48465
49305
44745
97379
-82199
-9381
15999
59039
-38371
-51445
-22356
-45823
18915
4195
-56256
-49987
2501
49696
43015
-74513
37375
-40932
13685
38045
-29983
23275
-58603
-76580
-31930
75019
73558
19605
-48587
18303
-55927
96304
36011
60072
-17569
97640
-91374
60075
-48184
-45370
-35731
-77350
4643
-6141
-565
-52343
19347
-63191
6725
60121
1944
3831
-16604
43341
-45660
-21445
18359
-72102
98160
-3139
-26710
-57768
-6836
-90700
-97697
75595
-93060
38019
35669
85846
92649
27027
35585
-2709
47976
-64980
-27963
94412
98919
5852
54532
-72049
-90318
65017
71292
91113
-56429
-83260
-80990
68821
13601
-7700
38142
33855
-71311
-32465
-63462
62719
-94447
72208
-24346
25292
-73677
38328
49672
74299
73348
-78291
68710
-644
27561
-49669
27307
-35668
-84653
-74312
-44556
-41081
-57572
-98457
-72261
-16882
-79068
65881
-83028
-50378
-66585
-46489
39430
66059
52808
-84917
-8650
6220
53412
-58979
-19481
-46152
89820
76318
-19707
-55531
-73352
34690
8802
-58004
60378
-8665
-71996
29895
-80032
82833
-86988
-59100
48713
57075
-82389
9218
37675
57042
-97635
-82429
-786
-6285
23791
-47375
-38175
31399
-66437
-48355
7717
13856
-76797
-38546
-51455
32005
-69461
36012
50430
-41457
-34094
70398
68465
-93992
38387
-55733
-9828
-16912
53485
-72154
-59871
-17061
-54583
-33568
76654
69208
19058
65568
607
-20290
44302
35413
93566
67506
23956
69201
-73401
54496
-67699
77029
40128
-1792
-25485
8593
-68695
-87098
52860
21477
-4010
-66567
49323
-36792
16372
21829
29640
-79886
-81875
75787
12771
-54179
82586
-42927
81234
3241
51668
5190
-27559
78267
86775
4742
-17615
-46009
30039
56900
62584
61344
-3109
-57468
-17180
19970
-96946
59232
10267
-53485
-91851
-60093
93719
-73725
42783
6490
-27904
25369
-9348
80420
-71391
69409
-87302
-71861
47675
99473
-40030
57149
-46537
90010
14049
43137
-21558
38029
12758
-11648
-42001
15813
74673
-4645
-10583
82823
-37649
-16864
-90903
-94866
16715
-91718
-42408
34456
88702
-86710
3864
28489
-58571
-48462
27961
1399
-91313
8514
-81503
-50175
78740
-3060
14943
-81414
85292
31
-38512
59964
95387
50906
-30125
-42263
61131
-93939
-37129
-22155
-85656
-52448
-87700
30135
-39158
16164
-41376
-70640
-5209
13674
-42151
-69433
49277
-23654
-19608
-44895
375
22425
-26308
-87245
-77545
35180
72720
-82159
-13915
69684
-24421
-52785
75746
-34461
-47851
90090
13092
-35551
-52687
73934
7702
5937
30384
-97507
46701
88233
60150
-4023
91668
67632
51083
-7957
-9944
51864
-68113
12511
-12957
31696
30353
218
1380
-94069
-25478
-22875
-28530
-46239
94304
11651
-54701
-58384
-87326
53002
47554
43058
-17416
-5746
-41621
-57267
17320
-49954
-89636
95492
-30822
420
47355
1066
40021
61488
-67239
-29627
88795
-38770
-96607
90406
38355
-25137
-55834
32658
86515
-10534
74275
99189
-57533
-51083
-30665
-47860
43171
27714
-5127
87580
4849
-67673
83072
74028
-40164
30426
-97818
99857
-80998
-65057
97319
-92204
-3826
-99289
98203
61618
-97336
69458
-5724
16268
-41077
95640
-57455
-71521
-55444
11880
-19381
87727
66683
2582
2395
-28469
34909
-14534
-54442
21834
42982
-52260
21691
61984
-90227
-53902
-3130
-66964
-53190
-77839
94654
-50526
91619
-83982
-7169
-49458
-88343
35376
-20979
-43787
-52745
-13270
71029
-86063
89312
-26576
-14532
-48691
-14021
-41884
73143
-71040
-67055
-78078
18034
69808
-31979
-85097
-97157
-58080
64154
24587
-8606
55772
-32306
84225
33403
-20648
-53311
39514
-37346
-6056
-73757
60773
-65030
42644
61286
-52473
93953
-52736
-67268
-5816
-96686
-34322
16107
-51563
-64515
11217
90430
65419
53137
54583
-9995
71620
-62557
-15212
-17067
70847
-8771
29622
10360
53884
50655
-36308
-58255
85625
-93665
30120
60241
27377
4473
92974
-78440
7787
85741
-35244
56224
-78775
75973
-26258
13733
-43802
-71676
-96263
-72183
-34232
-11474
10750
63704
79755
-59629
-25937
-39273
91026
-35156
-70439
3739
98269
59681
-36020
25645
-35846
84043
-25706
-970
69783
39051
82344
18097
-57888
-43915
-68170
-1689
-88501
62657
26128
-22733
78272
-63122
-59030
-14884
-95662
-57878
-27068
95365
6966
2494
-897
5234
-37826
-9828
57968
-46583
-98697
-67739
