58561
5123
50586
4098
-21959
-23796
35309
20986
-70325
58691
-81140
15256
-6495
44352
44276
4576
49255
-62477
91789
-24357
46744
-12576
84999
-9580
-59306
-29627
55977
-86532
-61728
-94728
-52762
96833
-62516
24913
-71981
15525
28207
63329
63600
-15029
22019
82461
27316
42613
26812
-28408
-52812
-23933
-63796
-61024
-21201
10037
-46510
90888
-99544
-5816
-38740
-16478
7652
-468
-84117
-18021
-76547
-46633
33981
-48527
68893
89277
-85199
32492
-25752
36820
14952
28653
-20567
68854
-99756
-46290
72010
63538
-80224
-49192
-26426
-26734
-58305
-98881
67450
-69956
-88269
-24899
-43335
-72386
-15831
-19881
-19018
-81851
31592
76964
-92574
46393
9455
-91237
-89699
51497
37416
-83177
-52561
-35250
-29466
-80552
-71713
-82601
97346
1862
-9335
66131
-69930
-41886
96175
-58199
-39696
-47160
-30584
-28438
-39952
-22513
-10289
91640
-45550
-75774
-34879
-9006
-67011
-97489
-57510
-2505
-80665
-82982
62245
-83042
-63534
17621
-65643
-66188
46572
25022
99943
76643
10225
23206
-81557
-2382
3135
-85052
69180
63183
-80476
85980
54822
-26026
-89794
47032
-7942
70285
49544
-38363
94869
68879
-21344
57113
12926
15122
-25266
47283
-23977
-78695
99394
-96946
25037
-63293
26261
-29430
-38586
-70605
-87393
57683
92579
-67868
-29249
-25511
-66805
-91954
-78479
25253
78332
71065
86891
73200
-32968
-34454
-42598
79958
7757
-40775
-45671
10870
-92381
80812
13924
-40254
44608
67274
30316
-93979
23759
42923
-9207
-56574
2144
61544
17915
35340
69591
-33475
-39408
-24989
-62411
-52518
75300
-68290
-59883
59791
38757
47875
-80985
93086
-41256
53725
986
-243
-86530
-54407
-32969
43786
78704
90790
-86203
-30504
-65785
15942
58130
-20781
-48719
27720
45745
-61038
-97270
10423
-86466
5119
42134
-46349
-35090
-19110
28615
-16075
-98935
14448
64739
-70860
-85795
78209
-25266
-91675
-50917
80527
26204
-37119
77113
-12492
5912
35242
66727
57193
-37039
-60440
23244
92781
49984
36778
-2101
-80794
17519
62809
96
-53867
73824
-71750
60582
38562
-42609
1876
-56140
-40786
-62710
-79968
-60260
-9417
-17087
43942
78091
15914
-20817
-28094
-99805
-30767
11467
23440
-37987
88540
-39783
-12998
-92255
77736
76900
-65070
50959
50723
90271
-61371
-83626
74751
40505
87324
-66036
4884
-92645
-99207
95467
-82642
-28175
73557
33272
51008
72552
33468
-79759
-88893
-43093
-90657
26736
-55787
-3655
34481
-78051
-26755
-3499
72908
51057
-86140
-88464
-5480
88611
-20870
-18157
49664
11103
-83712
-22454
6569
-66354
49371
-92786
-5993
379
79766
-72526
-52291
17963
-88530
-42948
-55302
-44316
-19513
79180
-22367
-19179
-97231
77630
58967
43719
16255
-46513
32329
22474
-37581
-90919
-66424
-94204
-13373
40145
-60558
63088
-25552
33450
90556
-45787
-11987
-61736
72176
-516
-77595
-83126
55168
2892
23143
59890
10802
-46999
-35392
-30231
96720
80863
-49655
-43863
-69575
-60147
-34782
-35999
-54350
-21066
31235
-87819
-57979
-94318
-27280
-67424
-40105
-12177
97930
59161
87307
-79665
3124
-30437
-49684
53356
56542
61119
-93644
-78851
57977
30165
29101
35411
86302
59526
2353
78609
-76474
48003
84632
-18150
-12726
53743
-12468
-12917
13408
-25484
74906
11338
60766
-10699
31673
-36111
58864
9078
-82756
15405
97286
50690
-36357
-17649
-92057
92744
-82239
21334
-20642
20115
-58
-70027
95207
-88337
11823
-90431
65406
99355
-3347
-21187
-99040
98648
90151
61726
-12051
-51088
-74385
73902
-14920
69949
-83604
-17635
-52272
-19961
-8194
-44329
99873
9567
77006
-20770
56771
-95964
9204
-20933
-84301
48116
-11364
8194
47471
12378
87008
-24480
11026
4247
-62755
26064
-19751
89950
-72946
65329
59899
-56550
74783
-92374
-49421
-33412
-36703
77541
3245
67392
-43230
-39985
71429
-6937
-33829
14217
-58821
54808
-77589
15739
94275
-90582
91259
-67611
-59246
-71497
58453
21003
-81547
12597
-86580
5441
-16864
88204
-59844
33715
81881
-69458
11255
-14875
97935
-4885
-27770
69363
15267
38401
-16421
56446
-79703
5990
99274
-85428
-57503
90532
-53039
-16748
46125
32504
-95746
-8333
-54900
-82325
97108
28236
32968
-62737
89041
14848
-32195
-72616
27063
-34261
22499
99293
62191
-62234
-35218
72860
21301
-14920
-94062
20575
-348
-51564
-61805
-26298
-41223
84320
-93795
-36969
-24014
-48695
-92205
-99818
79542
-32148
64535
-4329
9790
59430
23055
-63148
52258
-54446
63234
14449
-89591
-71985
-85603
31710
-59816
-79665
-47716
39836
-31229
-82431
40628
27548
-98112
46833
17669
-95036
98139
-47447
32236
4769
20406
-3229
-99561
57285
-43800
23494
94137
-91543
-3863
57370
-50005
6546
12474
-35608
65346
52659
-15272
44719
-80417
-19412
62288
60211
35226
-8734
7044
-47106
-3770
-67729
-67464
-71535
37040
-19969
-47675
-35432
-62685
-64386
15151
58541
-55928
-88712
15910
-78844
-55077
55474
-14451
37358
-64779
-2634
-17923
81894
5043
-55636
42105
-59732
-37281
76238
-79749
58949
35598
-47212
14504
99727
-40092
-6082
-35706
-2776
29533
6534
-44236
694
-55089
-1236
21850
-10165
81327
34488
54282
-83453
58943
-63642
98441
-36014
-92188
-32366
4254
-29469
70961
-48405
56570
6558
-68528
98163
6284
-8620
-7920
-2333
15693
48702
31291
-1453
-50605
76202
24400
-1665
93126
5726
-67178
47408
22273
18855
10855
-52198
82841
18667
15437
-85817
16288
-86514
-34222
-27143
20045
-75661
-28981
53418
15720
-9812
78175
58502
-61110
9465
-42952
-11715
-14334
81448
13709
-21208
-12827
-26379
-73801
36535
92476
-35857
84338
2405
82811
-73137
16588
-902
-59651
9456
-956
-12517
33795
-2848
-59099
-50486
87340
-80925
-91984
53319
28540
92154
68694
-85795
73602
-17598
-79914
87864
56023
73375
24399
48498
-62482
-64175
-49098
47418
-37312
-5420
73605
-69874
-95965
-27352
17610
37830
-3111
58511
14434
-15772
77586
-50461
64637
-66786
-58308
33330
74509
42383
-84269
21685
30247
71755
-4941
-45355
-52659
32577
-82441
-74667
-92917
-19753
19913
80688
10373
-48963
-46665
-72018
88867
-22687
13582
-69611
61542
-81744
-92983
26178
-48530
75800
-40493
53069
18182
-97673
-25247
-51572
1171
69812
-69838
48513
-70522
-52279
73846
-63439
-44943
-79153
-82751
-7480
-28116
97674
20502
87840
-25013
-65916
-81771
63618
79430
-74754
-83116
-69100
-98955
-96520
83969
-53683
32897
-41279
-78166
-65932
55622
79087
82581
12189
53897
-16485
48751
-91046
4362
-6911
1474
76246
-82149
49065
-8826
-80073
10238
9403
10634
-10332
-38261
27518
-52343
89874
-41913
-68375
63280
90985
-82565
85115
-74948
146
64201
34722
-87665
18097
-81764
61086
-45860
-50313
81264
-17297
53022
26204
-68232
-55805
46132
-30905
-19312
83855
-14148
-30484
-61538
33509
86479
-3451
-7777
49759
-85378
-63253
34873
-60326
36894
-73838
1485
49229
-28652
-53190
-62597
25489
-3503
45756
35281
-50482
-28041
67049
-79197
45180
63234
1491
29035
-50915
-1904
67497
82595
-15426
-35955
-98094
-65668
-94243
-61346
-3706
72521
75548
-50455
-25994
24776
