58071
-65483
83110
-94509
-84489
-13416
-68745
64377
-90321
30652
-85139
37525
-13857
-54104
-53449
-36125
-93008
-74873
-83215
-23775
44890
19952
-7389
-68790
96287
64368
-59800
-7943
4177
5154
-47087
-37753
-33240
63112
-32261
-17729
-50305
-73917
-53353
-40625
-16176
88598
23989
69967
61583
70541
-66158
68575
95668
77717
-55201
-32354
-75243
-35501
-1143
-78956
-71134
-33854
13101
-39867
71300
66014
22380
65149
-43786
17208
74510
5910
43291
48246
-7626
54205
36844
43452
24171
-1574
13992
-14898
94091
-63252
89908
-61111
-68516
-85335
-69522
-42570
-64291
-40656
23576
48810
19477
-78035
-58088
68947
14203
-1874
-13846
-11288
31125
56535
-63042
50588
10739
73802
-5960
61999
99317
35121
-52899
20496
-1041
-62992
-13525
30443
78763
16953
14962
-85529
3386
-61463
-9630
-77137
87592
-40629
18899
1795
-15413
-94948
90507
42801
61587
-72536
-6611
99415
28355
14518
61414
-45239
76728
-91486
75257
-24314
72612
-38269
33218
-21536
5773
-51821
-79976
-90841
-86194
10395
59112
-98603
-3145
-21990
-69719
81442
-89849
-79212
-48668
-1172
75342
44721
-1758
-69214
86328
-40345
-87364
63055
95259
14982
65831
-5040
3803
-73863
73424
-90425
-98594
93448
-81266
-84788
-69069
77846
43699
-45124
-44145
73981
63407
93097
21858
-85262
-8076
-75712
59459
90166
82164
-27125
76911
94800
63020
-742
-63129
28850
94218
40674
-17924
-5270
50249
-16518
-11822
68984
-74217
-53802
-26082
-3428
1074
-43137
97642
-35519
-50041
19499
-93692
41883
-29124
-7143
-40863
80130
65732
63137
2018
28751
-37605
38889
84690
83702
-20438
93856
-21568
-70189
-22663
-6301
25884
-69790
-33014
99802
26782
68061
-43336
24423
59631
6623
71011
65939
75595
68976
-41205
61822
49105
51617
24958
-48877
-92544
87353
90012
92147
71055
96664
86002
76576
-73526
90428
-29726
-20553
-79363
37260
-20752
-25492
-67591
-36998
98931
19129
-3286
69941
-87843
-27691
38917
-29048
-65870
-84890
49658
-13823
-33767
57115
-26470
83335
-23650
71674
79998
-37649
48249
33561
79868
45612
-86993
27595
-90040
-80656
-97898
69460
-90565
-98967
-11412
6150
-1937
745
5548
64069
-1213
-33233
79180
-51556
52944
-54588
32648
53563
55836
-91003
25236
35833
98438
-99427
96483
78306
-26726
36579
5900
-16765
55924
-64909
79784
-7552
-63876
-31629
98598
34188
-3794
-68766
-1744
94993
-1999
-95476
70526
-49055
-50063
3174
-95493
-94228
-60740
-43167
-31305
-62302
84496
-34823
-83997
-42230
-98244
-51008
-31906
-15231
-15917
-52123
4306
-52703
-56663
2904
8574
39543
-38773
33919
34535
59229
38444
-67850
37263
15470
-37587
-31141
-51669
1673
25692
17026
39371
10188
9293
-17537
-4953
11049
31455
-9770
22907
42628
38107
-72788
89925
8533
-42795
-74413
-51924
18433
59506
9700
-95250
-2051
41850
42013
40508
-95738
-89129
88840
5936
-36347
5865
-54694
930
42247
27770
95977
-46705
86314
-86705
3291
28941
51402
30504
-54046
87024
14798
-28459
-64901
-66770
58137
44800
65070
83175
-86262
-65829
23683
-81999
-54957
-60389
-48974
-64215
45476
-76579
36715
-85188
51191
-40220
-31893
-35406
-26925
-1512
20624
51566
56081
66579
38589
-29122
65209
73689
-68802
-49566
-54423
96268
-66391
-40685
-69561
57292
-95595
-97429
96903
-44569
-61644
-30533
-21147
2160
-88632
57133
61940
-93435
48816
62104
5053
-30560
13669
-38867
63108
-47743
32011
28316
53035
-9702
78751
25701
-13434
39449
12106
-55906
-76171
16511
73755
47821
-968
-87890
44377
4974
-58641
55746
-37894
30388
62311
38012
-7509
-32637
-92549
-93841
-44415
70559
85506
14685
-74037
-34370
-95017
31803
18420
-81362
-28749
-69475
-37268
-77831
-25874
-63514
69990
73158
75686
14367
-94780
44134
97202
94416
-25479
59512
32427
67012
53964
39878
260
36638
-62475
-87146
-48678
-36511
-21516
83395
22381
23994
-97968
93633
54519
91854
42891
55734
55429
12881
-44020
31114
54337
-38800
-97664
51538
-44384
-23143
-61862
88043
70958
19191
-44990
-28783
-44172
-7465
-15928
-65761
56024
-10355
-82366
-21595
40728
-80334
99127
-4753
-88480
42017
78070
-5962
81987
-65950
-74848
-36588
-4750
54578
42039
-22045
-68565
80177
93088
29482
-73544
-51903
-99301
-17716
40632
-88140
-56387
-76255
-71406
-38753
-70761
69323
-19087
55455
91659
-80478
-75440
69728
13561
33637
30867
-34198
97049
53207
-79621
39088
-68839
78904
-53647
51338
8386
99900
99435
-63826
-17817
-32844
75124
-47115
-82010
-96283
14132
74319
129
22135
-43138
-81124
-31254
-91489
15694
9396
42148
-53440
75198
-33714
99767
22667
-94627
58018
-71341
78816
9355
-35866
78715
-64121
308
87988
3035
-24569
-59128
-51886
-93762
55005
-77568
-66544
-95772
-93617
-47667
-27026
-85106
68027
82371
57043
41676
-15343
-76672
-31468
34413
55791
-73451
-9838
-38305
-37007
54296
-59590
-74039
81694
55487
-43915
84214
96359
4199
90452
-21548
-46280
50998
-90231
-39897
-96670
-17256
-25002
-1554
92204
59130
-59879
-23140
9547
-64258
38363
92427
89381
-71476
-45879
-47626
82820
-78380
-21665
-8398
77107
34421
-24184
555
65709
93357
6096
-80571
44354
15866
-93379
-25227
25699
-91292
73219
17902
67838
40430
21851
-95527
76172
-39787
96900
65553
-84174
-48979
45016
25736
-27359
50440
-82663
76838
-88051
-6847
-22608
77659
-13490
10577
24177
57953
-73558
30798
-67274
52141
39507
33034
97132
-65567
-26537
18983
-61093
76725
6285
-64194
42277
22112
-86084
-85619
-52153
-86353
64821
-34816
90485
76771
58338
94966
54429
71937
5542
-21395
-43022
-40926
36492
-10296
38304
-24002
49828
35436
-62479
50380
-45582
-23572
27104
-12208
-60677
96470
-90097
-46760
-89150
-42250
-33113
75672
22935
84461
-20469
-91639
79426
-66041
7387
-87944
-60347
64365
98220
76145
81159
36524
79233
-41925
99049
-83247
-91546
80556
-79730
35559
-31653
-40407
32028
-21749
12833
-30032
36001
6809
72729
86025
-8731
-47741
21475
97784
-86693
55951
36930
80050
20316
-37762
-16717
-71437
98762
-37485
-86273
24899
-93643
-77819
5454
-73373
57740
891
-13779
-83143
79142
26143
-86086
-57769
60042
86643
55346
-48690
65991
-23180
76184
79298
-67229
-59798
-13564
-19824
2440
69719
-64172
-71709
59324
-50445
53190
-7230
-28264
85734
19398
56566
-13376
32708
512
92855
85940
14426
62175
45981
-71843
17520
24381
21237
21430
-72347
-72377
54201
-32145
14059
61466
-2616
-89134
97294
25675
70190
73938
-94046
-37040
72763
18777
9447
29328
-94600
69244
56929
25344
55183
98444
-12482
-71747
53690
-94962
52634
-25074
-46443
80287
2549
-92243
75231
-83393
-3688
-27386
-72526
-79306
25379
24753
94632
31333
14802
67394
-49891
51338
-76189
82599
20581
7829
-64969
-97147
6273
22549
58196
-40038
-45324
10829
34889
8233
-81796
64527
-56921
20524
8224
-33520
93138
35698
-12826
-54395
87540
-91106
76938
-70569
3378
54136
80769
-45722
-36177
-71561
62107
-1146
-68708
95469
48493
89488
82521
30258
-72595
